
SYMMETRICAL COMPONENT PHASE-PHASE VOLTAGES BY BUS (for 3-phase buses)

Bus        Mag:   V1 (kV)    p.u.     V2 (kV)   %V2/V1    V0 (kV)    %V0/V1

sourcebus       115          1  5.147E-008  4.475E-008 1.532E-014 1.332E-014
650            4.16          1  2.325E-009  5.589E-008 8.198E-016 1.97E-014
rg60          4.368       1.05  2.546E-009  5.829E-008 5.684E-016 1.301E-014
633           4.368       1.05  1.234E-007  2.824E-006 5.684E-016 1.301E-014
634          0.5041       1.05  1.423E-008  2.824E-006 5.124E-017 1.017E-014
671           4.368       1.05  1.915E-007  4.383E-006 5.684E-016 1.301E-014
645           2.522     0.6063          0          0         0         0
646           2.522     0.6063          0          0         0         0
692           4.368       1.05  1.915E-007  4.383E-006 5.684E-016 1.301E-014
675           4.368       1.05  1.922E-007  4.399E-006 5.084E-016 1.164E-014
611           2.522     0.6063          0          0         0         0
652           2.522     0.6063          0          0         0         0
670           4.368       1.05  1.469E-007  3.363E-006 7.626E-016 1.746E-014
632           4.368       1.05  1.233E-007  2.821E-006 5.084E-016 1.164E-014
680           4.368       1.05  1.935E-007  4.43E-006 5.684E-016 1.301E-014
684           2.522     0.6063          0          0         0         0
